Begin: 2021-12-25 19:46:33.639342
End:2021-12-25 19:46:48.938245
Begin: 2021-12-25 19:46:50.392425
End:2021-12-25 19:47:05.135220
